楼栋,房号,楼层,建筑面积,单价,总价,更新日期,已售
1,0101,1,15.52,56601.0,878447.5,24年03月13日,未网签
1,0102,1,29.21,55465.0,1620132.6,24年03月13日,未网签
1,0103,1,31.6,55465.0,1752694.0,24年03月13日,未网签
1,0104,1,54.72,49783.0,2724125.8,24年03月13日,未网签
1,0105,1,8.74,73646.0,643666.06,24年03月13日,未网签
1,0106,1,9.88,73646.0,727622.5,24年03月13日,未网签
1,0107,1,8.74,73646.0,643666.06,24年03月13日,未网签
1,0108,1,71.92,50919.0,3662094.5,24年03月13日,未网签
1,0109,1,31.69,52055.0,1649623.0,24年03月13日,未网签
1,0110,1,33.86,55465.0,1878044.9,24年03月13日,未网签
1,0111,1,25.67,40692.0,1044563.6,24年03月13日,未网签
1,0112,1,22.11,37283.0,824327.1,24年03月13日,未网签
1,0113,1,43.79,36146.0,1582833.4,24年03月13日,未网签
1,0114,1,69.83,33874.0,2365421.5,24年03月13日,未网签
1,0115,1,66.51,33874.0,2252959.8,24年03月13日,未网签
1,0116,1,54.49,36146.0,1969595.5,24年03月13日,未网签
1,0117,1,40.66,32737.0,1331086.4,24年03月13日,未网签
1,0118,1,40.68,32737.0,1331741.1,24年03月13日,未网签
1,0119,1,40.19,32737.0,1315700.0,24年03月13日,未网签
1,0120,1,38.7,32737.0,1266921.9,24年03月13日,未网签
1,0121,1,39.69,32737.0,1299331.5,24年03月13日,未网签
1,0122,1,26.3,32737.0,860983.1,24年03月13日,未网签
1,0123,1,39.69,32737.0,1299331.5,24年03月13日,未网签
1,0124,1,40.68,32737.0,1331741.1,24年03月13日,未网签
1,0125,1,34.99,33874.0,1185251.2,24年03月13日,未网签
1,0126,1,37.86,33874.0,1282469.6,24年03月13日,未网签
1,0127,1,42.96,35010.0,1504029.6,24年03月13日,未网签
1,0128,1,48.77,36146.0,1762840.4,24年03月13日,未网签
1,0129,1,69.38,38419.0,2665510.2,24年03月13日,未网签
2,0101,1,30.87,55465.0,1712204.5,24年03月13日,未网签
2,0102,1,33.65,52055.0,1751650.8,24年03月13日,未网签
2,0103,1,79.93,52055.0,4160756.2,24年03月13日,未网签
2,0104,1,8.73,74783.0,652855.56,24年03月13日,未网签
2,0105,1,9.87,74783.0,738108.2,24年03月13日,未网签
2,0106,1,8.73,74783.0,652855.56,24年03月13日,未网签
2,0107,1,70.33,53192.0,3740993.2,24年03月13日,未网签
2,0108,1,31.82,53192.0,1692569.5,24年03月13日,未网签
2,0109,1,29.77,53192.0,1583525.9,24年03月13日,未网签
2,0110,1,32.27,55465.0,1789855.5,24年03月13日,未网签
2,0111,1,56.98,50919.0,2901364.5,24年03月13日,未网签
2,0112,1,46.59,45237.0,2107591.8,24年03月13日,未网签
2,0113,1,43.01,45237.0,1945643.4,24年03月13日,未网签
2,0114,1,32.71,45237.0,1479702.2,24年03月13日,未网签
2,0115,1,29.0,46374.0,1344846.0,24年03月13日,未网签
2,0116,1,39.63,33874.0,1342426.6,24年03月13日,未网签
2,0117,1,39.63,33874.0,1342426.6,24年03月13日,未网签
2,0118,1,40.62,33874.0,1375961.9,24年03月13日,未网签
2,0119,1,32.2,33874.0,1090742.8,24年03月13日,未网签
2,0120,1,46.57,33874.0,1577512.1,24年03月13日,未网签
2,0121,1,50.52,33874.0,1711314.5,24年03月13日,未网签
2,0122,1,30.02,33874.0,1016897.5,24年03月13日,未网签
2,0123,1,57.47,33874.0,1946738.8,24年03月13日,未网签
2,0124,1,55.4,36146.0,2002488.4,24年03月13日,未网签
2,0125,1,55.54,33874.0,1881362.0,24年03月13日,未网签
2,0126,1,55.54,33874.0,1881362.0,24年03月13日,未网签
2,0127,1,71.28,35010.0,2495512.8,24年03月13日,未网签
2,0128,1,22.08,37283.0,823208.6,24年03月13日,未网签
2,0129,1,25.02,40692.0,1018113.8,24年03月13日,未网签
3,0101,1,48.72,24783.0,1207427.8,24年03月13日,未网签
3,0102,1,46.0,22510.0,1035460.0,24年03月13日,未网签
3,0103,1,46.0,22510.0,1035460.0,24年03月13日,未网签
3,0104,1,47.15,22510.0,1061346.5,24年03月13日,未网签
3,0110,1,33.35,22510.0,750708.5,24年03月13日,未网签
3,0111,1,33.92,24783.0,840639.4,24年03月13日,未网签
3,0112,1,30.48,24783.0,755385.8,24年03月13日,未网签
3,0113,1,35.08,22510.0,789650.8,24年03月13日,未网签
3,0114,1,35.08,22510.0,789650.8,24年03月13日,未网签
3,0120,1,46.0,22510.0,1035460.0,24年03月13日,未网签
3,0121,1,46.0,22510.0,1035460.0,24年03月13日,未网签
3,0122,1,57.34,32737.0,1877139.6,24年03月13日,未网签
3,0123,1,47.21,30465.0,1438252.6,24年03月13日,未网签
3,0124,1,64.32,33874.0,2178775.8,24年03月13日,未网签
3,0130,1,31.84,21374.0,680548.2,24年03月13日,未网签
3,0131,1,33.78,21374.0,722013.75,24年03月13日,未网签
3,0132,1,25.89,21374.0,553372.9,24年03月13日,未网签
3,0133,1,27.67,21374.0,591418.56,24年03月13日,未网签
3,0134,1,65.76,21374.0,1405554.2,24年03月13日,未网签
3,0140,1,30.7,21374.0,656181.8,24年03月13日,未网签
3,0141,1,29.85,21374.0,638013.9,24年03月13日,未网签
3,0142,1,27.67,21374.0,591418.56,24年03月13日,未网签
3,0143,1,64.12,21374.0,1370500.9,24年03月13日,未网签
3,0144,1,21.2,21374.0,453128.8,24年03月13日,未网签
3,0150,1,49.79,21374.0,1064211.5,24年03月13日,未网签
3,0151,1,48.57,21374.0,1038135.2,24年03月13日,未网签
3,0152,1,46.69,22510.0,1050991.9,24年03月13日,未网签
3,0153,1,43.5,16828.0,732018.0,24年03月13日,未网签
3,0154,1,57.42,16828.0,966263.75,24年03月13日,未网签
3,0160,1,40.34,16828.0,678841.5,24年03月13日,未网签
3,0161,1,40.34,16828.0,678841.5,24年03月13日,未网签
3,0162,1,40.34,16828.0,678841.5,24年03月13日,未网签
3,0163,1,37.6,16828.0,632732.8,24年03月13日,未网签
3,0164,1,40.34,16828.0,678841.5,24年03月13日,未网签
3,0170,1,56.05,16828.0,943209.4,24年03月13日,未网签
3,0171,1,56.05,16828.0,943209.4,24年03月13日,未网签
3,0172,1,48.77,16828.0,820701.56,24年03月13日,未网签
3,0173,1,33.84,16828.0,569459.5,24年03月13日,未网签
3,0174,1,44.99,16828.0,757091.75,24年03月13日,未网签
3,0180,1,27.13,16828.0,456543.62,24年03月13日,未网签
3,0181,1,14.91,16828.0,250905.48,24年03月13日,未网签
3,0182,1,46.98,16828.0,790579.44,24年03月13日,未网签
3,0183,1,49.06,16828.0,825581.7,24年03月13日,未网签
3,0184,1,22.81,16828.0,383846.7,24年03月13日,未网签
3,0190,1,24.14,16828.0,406227.9,24年03月13日,未网签
3,0191,1,25.04,16828.0,421373.12,24年03月13日,未网签
3,0192,1,10.36,16828.0,174338.08,24年03月13日,未网签
3,0193,1,12.3,16828.0,206984.4,24年03月13日,未网签
3,0194,1,13.96,16828.0,234918.88,24年03月13日,未网签
5,0105,1,46.0,22510.0,1035460.0,24年03月13日,未网签
5,0106,1,47.15,22510.0,1061346.5,24年03月13日,未网签
5,0107,1,46.0,22510.0,1035460.0,24年03月13日,未网签
5,0108,1,47.15,22510.0,1061346.5,24年03月13日,未网签
5,0109,1,33.35,22510.0,750708.5,24年03月13日,未网签
5,0115,1,47.15,22510.0,1061346.5,24年03月13日,未网签
5,0116,1,46.0,22510.0,1035460.0,24年03月13日,未网签
5,0117,1,47.15,22510.0,1061346.5,24年03月13日,未网签
5,0118,1,46.0,22510.0,1035460.0,24年03月13日,未网签
5,0119,1,47.15,22510.0,1061346.5,24年03月13日,未网签
5,0125,1,58.87,33874.0,1994162.4,24年03月13日,未网签
5,0126,1,49.62,33874.0,1680827.9,24年03月13日,未网签
5,0127,1,27.21,33874.0,921711.56,24年03月13日,未网签
5,0128,1,15.71,33874.0,532160.56,24年03月13日,未网签
5,0129,1,25.78,21374.0,551021.75,24年03月13日,未网签
5,0135,1,28.14,21374.0,601464.4,24年03月13日,未网签
5,0136,1,29.85,21374.0,638013.9,24年03月13日,未网签
5,0137,1,24.73,21374.0,528579.0,24年03月13日,未网签
5,0138,1,21.32,21374.0,455693.7,24年03月13日,未网签
5,0139,1,27.72,21374.0,592487.25,24年03月13日,未网签
5,0145,1,22.48,21374.0,480487.53,24年03月13日,未网签
5,0146,1,24.51,21374.0,523876.75,24年03月13日,未网签
5,0147,1,43.65,21374.0,932975.1,24年03月13日,未网签
5,0148,1,20.87,22510.0,469783.7,24年03月13日,未网签
5,0149,1,65.57,21374.0,1401493.1,24年03月13日,未网签
5,0155,1,56.05,16828.0,943209.4,24年03月13日,未网签
5,0156,1,54.69,16828.0,920323.3,24年03月13日,未网签
5,0157,1,56.05,16828.0,943209.4,24年03月13日,未网签
5,0158,1,54.69,16828.0,920323.3,24年03月13日,未网签
5,0159,1,54.69,16828.0,920323.3,24年03月13日,未网签
5,0165,1,43.07,16828.0,724781.94,24年03月13日,未网签
5,0166,1,56.05,16828.0,943209.4,24年03月13日,未网签
5,0167,1,54.69,16828.0,920323.3,24年03月13日,未网签
5,0168,1,56.05,16828.0,943209.4,24年03月13日,未网签
5,0169,1,54.69,16828.0,920323.3,24年03月13日,未网签
5,0175,1,17.43,16828.0,293312.03,24年03月13日,未网签
5,0176,1,15.21,16828.0,255953.88,24年03月13日,未网签
5,0177,1,28.31,16828.0,476400.7,24年03月13日,未网签
5,0178,1,63.03,16828.0,1060668.9,24年03月13日,未网签
5,0179,1,28.53,16828.0,480102.84,24年03月13日,未网签
5,0185,1,29.26,16828.0,492387.28,24年03月13日,未网签
5,0186,1,27.54,16828.0,463443.12,24年03月13日,未网签
5,0187,1,27.54,16828.0,463443.12,24年03月13日,未网签
5,0188,1,21.44,16828.0,360792.3,24年03月13日,未网签
5,0189,1,47.14,16828.0,793271.94,24年03月13日,未网签
5,0195,1,17.84,16828.0,300211.53,24年03月13日,未网签
5,0196,1,28.73,16828.0,483468.44,24年03月13日,未网签